0.300 1.8403E+00 1.9634E-01
0.305 1.8293E+00 1.9345E-01
0.310 1.8179E+00 1.9401E-01
0.315 1.8074E+00 1.9875E-01
0.320 1.7997E+00 2.0771E-01
0.325 1.7968E+00 2.1992E-01
0.330 1.8001E+00 2.3328E-01
0.335 1.8099E+00 2.4512E-01
0.340 1.8250E+00 2.5284E-01
0.345 1.8434E+00 2.5473E-01
0.350 1.8625E+00 2.5023E-01
0.355 1.8798E+00 2.3991E-01
0.360 1.8938E+00 2.2516E-01
0.365 1.9034E+00 2.0768E-01
0.370 1.9086E+00 1.8918E-01
0.375 1.9096E+00 1.7108E-01
0.380 1.9074E+00 1.5440E-01
0.385 1.9027E+00 1.3971E-01
0.390 1.8964E+00 1.2725E-01
0.395 1.8894E+00 1.1698E-01
0.400 1.8821E+00 1.0866E-01
0.405 1.8749E+00 1.0200E-01
0.410 1.8681E+00 9.6667E-02
0.415 1.8619E+00 9.2362E-02
0.420 1.8562E+00 8.8828E-02
0.425 1.8510E+00 8.5860E-02
0.430 1.8463E+00 8.3303E-02
0.435 1.8421E+00 8.1043E-02
0.440 1.8383E+00 7.8999E-02
0.445 1.8347E+00 7.7117E-02
0.450 1.8315E+00 7.5357E-02
0.455 1.8285E+00 7.3695E-02
0.460 1.8257E+00 7.2114E-02
0.465 1.8231E+00 7.0603E-02
0.470 1.8206E+00 6.9153E-02
0.475 1.8182E+00 6.7759E-02
0.480 1.8160E+00 6.6416E-02
0.485 1.8139E+00 6.5123E-02
0.490 1.8119E+00 6.3875E-02
0.495 1.8099E+00 6.2671E-02
0.500 1.8081E+00 6.1508E-02
0.505 1.8063E+00 6.0384E-02
0.510 1.8046E+00 5.9299E-02
0.515 1.8029E+00 5.8250E-02
0.520 1.8013E+00 5.7235E-02
0.525 1.7998E+00 5.6254E-02
0.530 1.7983E+00 5.5304E-02
0.535 1.7969E+00 5.4385E-02
0.540 1.7955E+00 5.3495E-02
0.545 1.7942E+00 5.2632E-02
0.550 1.7929E+00 5.1797E-02
0.555 1.7916E+00 5.0988E-02
0.560 1.7904E+00 5.0203E-02
0.565 1.7892E+00 4.9442E-02
0.570 1.7881E+00 4.8704E-02
0.575 1.7870E+00 4.7987E-02
0.580 1.7859E+00 4.7292E-02
0.585 1.7848E+00 4.6617E-02
0.590 1.7838E+00 4.5961E-02
0.595 1.7828E+00 4.5324E-02
0.600 1.7818E+00 4.4705E-02
0.605 1.7809E+00 4.4104E-02
0.610 1.7800E+00 4.3519E-02
0.615 1.7791E+00 4.2950E-02
0.620 1.7782E+00 4.2397E-02
0.625 1.7773E+00 4.1858E-02
0.630 1.7765E+00 4.1334E-02
0.635 1.7757E+00 4.0824E-02
0.640 1.7749E+00 4.0327E-02
0.645 1.7741E+00 3.9843E-02
0.650 1.7734E+00 3.9372E-02
0.655 1.7727E+00 3.8913E-02
0.660 1.7719E+00 3.8465E-02
0.665 1.7712E+00 3.8029E-02
0.670 1.7706E+00 3.7603E-02
0.675 1.7699E+00 3.7188E-02
0.680 1.7692E+00 3.6783E-02
0.685 1.7686E+00 3.6388E-02
0.690 1.7680E+00 3.6002E-02
0.695 1.7674E+00 3.5626E-02
0.700 1.7668E+00 3.5259E-02
0.705 1.7662E+00 3.4900E-02
0.710 1.7656E+00 3.4549E-02
0.715 1.7651E+00 3.4207E-02
0.720 1.7645E+00 3.3872E-02
0.725 1.7640E+00 3.3545E-02
0.730 1.7635E+00 3.3226E-02
0.735 1.7629E+00 3.2913E-02
0.740 1.7624E+00 3.2608E-02
0.745 1.7619E+00 3.2309E-02
0.750 1.7615E+00 3.2017E-02
0.755 1.7610E+00 3.1731E-02
0.760 1.7605E+00 3.1451E-02
0.765 1.7601E+00 3.1177E-02
0.770 1.7596E+00 3.0909E-02
0.775 1.7592E+00 3.0647E-02
0.780 1.7588E+00 3.0390E-02
0.785 1.7583E+00 3.0139E-02
0.790 1.7579E+00 2.9893E-02
0.795 1.7575E+00 2.9651E-02
0.800 1.7571E+00 2.9415E-02
0.805 1.7567E+00 2.9183E-02
0.810 1.7564E+00 2.8956E-02
0.815 1.7560E+00 2.8734E-02
0.820 1.7556E+00 2.8516E-02
0.825 1.7553E+00 2.8302E-02
0.830 1.7549E+00 2.8093E-02
0.835 1.7546E+00 2.7887E-02
0.840 1.7542E+00 2.7685E-02
0.845 1.7539E+00 2.7488E-02
0.850 1.7535E+00 2.7294E-02
0.855 1.7532E+00 2.7104E-02
0.860 1.7529E+00 2.6917E-02
0.865 1.7526E+00 2.6734E-02
0.870 1.7523E+00 2.6554E-02
0.875 1.7520E+00 2.6377E-02
0.880 1.7517E+00 2.6204E-02
0.885 1.7514E+00 2.6034E-02
0.890 1.7511E+00 2.5867E-02
0.895 1.7508E+00 2.5703E-02
0.900 1.7506E+00 2.5542E-02
0.905 1.7503E+00 2.5383E-02
0.910 1.7500E+00 2.5228E-02
0.915 1.7497E+00 2.5075E-02
0.920 1.7495E+00 2.4925E-02
0.925 1.7492E+00 2.4778E-02
0.930 1.7490E+00 2.4633E-02
0.935 1.7487E+00 2.4491E-02
0.940 1.7485E+00 2.4351E-02
0.945 1.7483E+00 2.4213E-02
0.950 1.7480E+00 2.4078E-02
0.955 1.7478E+00 2.3945E-02
0.960 1.7476E+00 2.3814E-02
0.965 1.7473E+00 2.3686E-02
0.970 1.7471E+00 2.3559E-02
0.975 1.7469E+00 2.3435E-02
0.980 1.7467E+00 2.3313E-02
0.985 1.7465E+00 2.3193E-02
0.990 1.7463E+00 2.3074E-02
0.995 1.7461E+00 2.2958E-02
1.000 1.7459E+00 2.2843E-02
1.005 1.7457E+00 2.2731E-02
1.010 1.7455E+00 2.2620E-02
1.015 1.7453E+00 2.2511E-02
1.020 1.7451E+00 2.2403E-02
1.025 1.7449E+00 2.2298E-02
1.030 1.7447E+00 2.2194E-02
1.035 1.7445E+00 2.2091E-02
1.040 1.7443E+00 2.1991E-02
1.045 1.7442E+00 2.1891E-02
1.050 1.7440E+00 2.1794E-02
1.055 1.7438E+00 2.1697E-02
1.060 1.7437E+00 2.1603E-02
1.065 1.7435E+00 2.1509E-02
1.070 1.7433E+00 2.1418E-02
1.075 1.7432E+00 2.1327E-02
1.080 1.7430E+00 2.1238E-02
1.085 1.7428E+00 2.1150E-02
1.090 1.7427E+00 2.1064E-02
1.095 1.7425E+00 2.0979E-02
1.100 1.7424E+00 2.0895E-02
1.105 1.7422E+00 2.0812E-02
1.110 1.7421E+00 2.0731E-02
1.115 1.7419E+00 2.0650E-02
1.120 1.7418E+00 2.0571E-02
1.125 1.7417E+00 2.0493E-02
1.130 1.7415E+00 2.0417E-02
1.135 1.7414E+00 2.0341E-02
1.140 1.7412E+00 2.0267E-02
1.145 1.7411E+00 2.0193E-02
1.150 1.7410E+00 2.0121E-02
1.155 1.7408E+00 2.0049E-02
1.160 1.7407E+00 1.9979E-02
1.165 1.7406E+00 1.9910E-02
1.170 1.7405E+00 1.9841E-02
1.175 1.7403E+00 1.9774E-02
1.180 1.7402E+00 1.9707E-02
1.185 1.7401E+00 1.9642E-02
1.190 1.7400E+00 1.9577E-02
1.195 1.7399E+00 1.9514E-02
1.200 1.7397E+00 1.9451E-02
1.205 1.7396E+00 1.9389E-02
1.210 1.7395E+00 1.9328E-02
1.215 1.7394E+00 1.9268E-02
1.220 1.7393E+00 1.9208E-02
1.225 1.7392E+00 1.9150E-02
1.230 1.7391E+00 1.9092E-02
1.235 1.7390E+00 1.9035E-02
1.240 1.7389E+00 1.8979E-02
1.245 1.7388E+00 1.8924E-02
1.250 1.7387E+00 1.8869E-02
1.255 1.7386E+00 1.8815E-02
1.260 1.7385E+00 1.8762E-02
1.265 1.7384E+00 1.8709E-02
1.270 1.7383E+00 1.8658E-02
1.275 1.7382E+00 1.8607E-02
1.280 1.7381E+00 1.8556E-02
1.285 1.7380E+00 1.8507E-02
1.290 1.7379E+00 1.8458E-02
1.295 1.7378E+00 1.8409E-02
1.300 1.7377E+00 1.8362E-02
1.305 1.7376E+00 1.8315E-02
1.310 1.7375E+00 1.8268E-02
1.315 1.7374E+00 1.8223E-02
1.320 1.7373E+00 1.8177E-02
1.325 1.7372E+00 1.8133E-02
1.330 1.7372E+00 1.8089E-02
1.335 1.7371E+00 1.8046E-02
1.340 1.7370E+00 1.8003E-02
1.345 1.7369E+00 1.7961E-02
1.350 1.7368E+00 1.7919E-02
1.355 1.7367E+00 1.7878E-02
1.360 1.7367E+00 1.7837E-02
1.365 1.7366E+00 1.7797E-02
1.370 1.7365E+00 1.7758E-02
1.375 1.7364E+00 1.7719E-02
1.380 1.7364E+00 1.7680E-02
1.385 1.7363E+00 1.7642E-02
1.390 1.7362E+00 1.7605E-02
1.395 1.7361E+00 1.7568E-02
1.400 1.7361E+00 1.7531E-02
1.405 1.7360E+00 1.7495E-02
1.410 1.7359E+00 1.7460E-02
1.415 1.7358E+00 1.7425E-02
1.420 1.7358E+00 1.7390E-02
1.425 1.7357E+00 1.7356E-02
1.430 1.7356E+00 1.7323E-02
1.435 1.7356E+00 1.7289E-02
1.440 1.7355E+00 1.7257E-02
1.445 1.7354E+00 1.7224E-02
1.450 1.7354E+00 1.7192E-02
1.455 1.7353E+00 1.7161E-02
1.460 1.7352E+00 1.7130E-02
1.465 1.7352E+00 1.7099E-02
1.470 1.7351E+00 1.7069E-02
1.475 1.7351E+00 1.7039E-02
1.480 1.7350E+00 1.7009E-02
1.485 1.7349E+00 1.6980E-02
1.490 1.7349E+00 1.6952E-02
1.495 1.7348E+00 1.6923E-02
1.500 1.7347E+00 1.6895E-02
